type,date time,latitude,longitude,accuracy(m),altitude(m),geoid_height(m),speed(m/s),bearing(deg),sat_used,sat_inview,name,desc
T,2021-10-09 07:01:33,47.67575378,17.64694435,4,112.104,44.190,0.460,333,17,20,20211009-090133,GPS Logger: 20211009-090133
T,2021-10-09 07:01:34,47.67574939,17.64694400,4,112.827,44.190,0.000,,17,20,,
T,2021-10-09 07:01:35,47.67574835,17.64694381,4,112.858,44.190,0.000,,18,20,,
T,2021-10-09 07:01:36,47.67574806,17.64694376,4,112.867,44.190,0.000,,18,20,,
T,2021-10-09 07:01:37,47.67574439,17.64694800,4,113.999,44.190,0.810,152,18,20,,
T,2021-10-09 07:01:38,47.67573053,17.64695272,4,115.725,44.190,1.360,158,18,20,,
T,2021-10-09 07:01:39,47.67571477,17.64695422,4,116.817,44.190,1.530,162,17,20,,
T,2021-10-09 07:01:40,47.67569800,17.64696066,4,117.915,44.190,1.750,154,17,20,,
T,2021-10-09 07:01:41,47.67568495,17.64696927,4,119.120,44.190,1.540,157,17,20,,
T,2021-10-09 07:01:42,47.67567055,17.64697650,4,119.122,44.190,1.610,156,17,20,,
T,2021-10-09 07:01:43,47.67565791,17.64697805,4,119.241,44.190,1.480,175,18,20,,
T,2021-10-09 07:01:44,47.67564179,17.64697825,4,119.428,44.190,1.740,170,18,20,,
T,2021-10-09 07:01:45,47.67563093,17.64698133,4,120.218,44.190,1.330,167,18,20,,
T,2021-10-09 07:01:46,47.67562089,17.64698343,4,120.412,44.190,1.300,164,18,20,,
T,2021-10-09 07:01:47,47.67560997,17.64698837,4,119.313,44.190,1.360,156,18,20,,
T,2021-10-09 07:01:48,47.67559936,17.64699252,4,118.883,44.190,1.340,155,17,20,,
T,2021-10-09 07:01:49,47.67558839,17.64699750,4,118.812,44.190,1.340,160,17,20,,
T,2021-10-09 07:01:50,47.67557774,17.64700090,4,118.673,44.190,1.500,167,16,20,,
T,2021-10-09 07:01:51,47.67556322,17.64700427,4,119.002,44.190,1.570,170,16,20,,
T,2021-10-09 07:01:52,47.67554947,17.64700864,4,118.045,44.190,1.460,168,15,20,,
T,2021-10-09 07:01:53,47.67553394,17.64701553,4,117.765,44.190,1.560,160,16,20,,
T,2021-10-09 07:01:54,47.67551801,17.64702458,4,117.796,44.190,1.610,157,15,20,,
T,2021-10-09 07:01:55,47.67550503,17.64703078,4,118.221,44.190,1.440,160,15,20,,
T,2021-10-09 07:01:56,47.67549257,17.64703892,4,117.564,44.190,1.430,159,15,20,,
T,2021-10-09 07:01:57,47.67548114,17.64705038,4,117.202,44.191,1.420,146,15,20,,
T,2021-10-09 07:01:58,47.67546937,17.64706140,4,116.351,44.191,1.560,153,15,20,,
T,2021-10-09 07:01:59,47.67545382,17.64706619,4,116.135,44.191,1.730,171,15,20,,
T,2021-10-09 07:02:00,47.67543894,17.64707095,4,115.969,44.191,1.570,161,14,20,,
T,2021-10-09 07:02:01,47.67542447,17.64707772,4,116.780,44.191,1.560,157,13,18,,
T,2021-10-09 07:02:02,47.67540865,17.64708478,4,116.677,44.191,1.650,157,13,18,,
T,2021-10-09 07:02:03,47.67539089,17.64709324,4,116.945,44.191,1.770,158,15,19,,
T,2021-10-09 07:02:04,47.67537337,17.64710155,4,117.055,44.191,1.750,155,16,20,,
T,2021-10-09 07:02:05,47.67535658,17.64711184,4,117.745,44.191,1.760,151,16,20,,
T,2021-10-09 07:02:06,47.67533881,17.64712169,4,118.144,44.191,1.760,158,16,20,,
T,2021-10-09 07:02:07,47.67532155,17.64712810,4,118.553,44.191,1.680,161,16,20,,
T,2021-10-09 07:02:08,47.67530278,17.64713613,4,118.756,44.191,1.790,159,16,20,,
T,2021-10-09 07:02:09,47.67528597,17.64714472,4,119.526,44.191,1.780,159,16,20,,
T,2021-10-09 07:02:10,47.67527010,17.64715267,4,118.927,44.191,1.770,162,16,20,,
T,2021-10-09 07:02:11,47.67525419,17.64716051,4,119.390,44.191,1.760,163,16,20,,
T,2021-10-09 07:02:12,47.67523803,17.64716694,4,118.940,44.191,1.750,167,16,20,,
T,2021-10-09 07:02:13,47.67522443,17.64717290,4,119.074,44.191,1.580,161,17,20,,
T,2021-10-09 07:02:14,47.67521018,17.64718066,4,118.734,44.191,1.700,162,17,20,,
T,2021-10-09 07:02:15,47.67519478,17.64718635,4,118.794,44.191,1.690,163,17,20,,
T,2021-10-09 07:02:16,47.67518132,17.64719428,4,118.807,44.191,1.550,154,16,20,,
T,2021-10-09 07:02:17,47.67517025,17.64720344,4,118.379,44.191,1.260,151,15,20,,
T,2021-10-09 07:02:18,47.67515876,17.64721897,4,117.946,44.191,1.750,135,17,20,,
T,2021-10-09 07:02:19,47.67515082,17.64723939,4,118.057,44.191,1.680,118,17,20,,
T,2021-10-09 07:02:20,47.67514858,17.64725945,4,118.306,44.191,1.290,94,17,19,,
T,2021-10-09 07:02:21,47.67515208,17.64728260,4,118.272,44.191,1.650,71,17,19,,
T,2021-10-09 07:02:22,47.67515725,17.64729961,4,118.081,44.191,1.240,65,17,19,,
T,2021-10-09 07:02:23,47.67516453,17.64731607,4,118.288,44.191,1.350,59,17,19,,
T,2021-10-09 07:02:24,47.67517171,17.64733623,4,119.278,44.191,1.630,69,17,19,,
T,2021-10-09 07:02:25,47.67517733,17.64735642,4,119.545,44.191,1.410,72,17,19,,
T,2021-10-09 07:02:26,47.67518246,17.64737543,4,119.759,44.191,1.450,68,16,19,,
T,2021-10-09 07:02:27,47.67518633,17.64739679,4,119.522,44.191,1.490,75,16,19,,
T,2021-10-09 07:02:28,47.67518840,17.64741817,4,119.006,44.191,1.420,78,16,19,,
T,2021-10-09 07:02:29,47.67519180,17.64743926,4,118.719,44.191,1.430,75,17,19,,
T,2021-10-09 07:02:30,47.67519826,17.64745415,4,118.094,44.191,1.520,59,17,19,,
T,2021-10-09 07:02:31,47.67520689,17.64746858,4,116.679,44.191,1.490,49,17,19,,
T,2021-10-09 07:02:32,47.67521438,17.64748616,4,116.415,44.191,1.540,61,17,19,,
T,2021-10-09 07:02:33,47.67522134,17.64750004,4,116.126,44.191,1.220,48,17,19,,
T,2021-10-09 07:02:34,47.67523051,17.64750870,4,116.268,44.191,1.210,30,17,18,,
T,2021-10-09 07:02:35,47.67523856,17.64751565,4,117.095,44.191,1.480,25,15,18,,
T,2021-10-09 07:02:36,47.67524637,17.64752422,4,116.957,44.191,1.580,28,15,18,,
T,2021-10-09 07:02:37,47.67525598,17.64753707,4,116.641,44.191,1.600,32,15,18,,
T,2021-10-09 07:02:38,47.67526657,17.64755327,4,116.720,44.191,1.600,32,15,19,,
T,2021-10-09 07:02:39,47.67527071,17.64757206,4,113.948,44.191,0.890,48,14,19,,
T,2021-10-09 07:02:40,47.67527188,17.64759352,5,113.087,44.191,1.010,61,17,19,,
T,2021-10-09 07:02:41,47.67527666,17.64761538,5,112.697,44.191,1.620,52,17,19,,
T,2021-10-09 07:02:42,47.67528464,17.64763692,6,112.035,44.191,1.640,45,16,19,,
T,2021-10-09 07:02:43,47.67529373,17.64765761,7,111.443,44.191,1.570,41,16,19,,
T,2021-10-09 07:02:44,47.67530333,17.64767651,7,110.753,44.191,1.550,37,16,19,,
T,2021-10-09 07:02:45,47.67530547,17.64769230,6,109.049,44.191,1.280,36,16,19,,
T,2021-10-09 07:02:46,47.67530964,17.64771240,6,108.322,44.191,1.280,37,14,19,,
T,2021-10-09 07:02:47,47.67531253,17.64773177,6,108.169,44.191,1.240,35,15,19,,
T,2021-10-09 07:02:48,47.67531571,17.64775766,5,108.678,44.191,1.250,55,15,19,,
T,2021-10-09 07:02:49,47.67531750,17.64778397,5,108.602,44.191,1.240,59,14,19,,
T,2021-10-09 07:02:50,47.67532233,17.64781056,5,110.188,44.191,1.260,48,15,19,,
T,2021-10-09 07:02:51,47.67532879,17.64783545,5,110.298,44.191,1.270,52,15,19,,
T,2021-10-09 07:02:52,47.67533515,17.64786321,5,111.648,44.191,1.530,62,15,19,,
T,2021-10-09 07:02:53,47.67534274,17.64788980,5,113.006,44.191,1.550,49,14,18,,
T,2021-10-09 07:02:54,47.67535215,17.64790901,5,111.989,44.191,1.130,43,16,19,,
T,2021-10-09 07:02:55,47.67536783,17.64792552,5,112.639,44.191,1.780,26,16,19,,
T,2021-10-09 07:02:56,47.67538413,17.64793062,4,110.854,44.191,1.720,13,16,19,,
T,2021-10-09 07:02:57,47.67540028,17.64792688,4,111.256,44.191,1.710,352,16,19,,
T,2021-10-09 07:02:58,47.67541593,17.64791929,4,111.924,44.191,1.640,348,16,19,,
T,2021-10-09 07:02:59,47.67542824,17.64792155,4,110.944,44.191,1.280,17,16,19,,
T,2021-10-09 07:03:00,47.67543897,17.64793100,4,113.665,44.191,1.280,27,15,19,,
T,2021-10-09 07:03:01,47.67545282,17.64793504,4,113.004,44.191,1.300,4,15,19,,
T,2021-10-09 07:03:02,47.67546709,17.64793124,4,112.312,44.191,1.310,350,12,19,,
T,2021-10-09 07:03:03,47.67548176,17.64792755,5,111.766,44.190,1.310,353,13,19,,
T,2021-10-09 07:03:04,47.67549643,17.64792831,6,111.280,44.190,1.320,3,11,19,,
T,2021-10-09 07:03:05,47.67551122,17.64794249,7,110.790,44.190,1.660,30,11,19,,
T,2021-10-09 07:03:06,47.67552523,17.64796239,8,110.501,44.190,1.640,40,10,19,,
T,2021-10-09 07:03:07,47.67553728,17.64798118,9,110.342,44.190,1.620,44,10,19,,
T,2021-10-09 07:03:08,47.67555148,17.64800362,9,110.415,44.190,1.920,45,11,19,,
T,2021-10-09 07:03:09,47.67556738,17.64802488,9,110.522,44.190,1.980,44,11,19,,
T,2021-10-09 07:03:10,47.67557760,17.64804028,9,109.545,44.190,1.660,55,11,19,,
T,2021-10-09 07:03:11,47.67558648,17.64805914,10,108.268,44.190,1.820,58,11,19,,
T,2021-10-09 07:03:12,47.67559761,17.64806874,10,106.287,44.190,1.590,43,12,19,,
T,2021-10-09 07:03:13,47.67561306,17.64806146,10,106.246,44.190,1.680,359,12,19,,
T,2021-10-09 07:03:14,47.67562833,17.64804324,10,106.480,44.190,1.510,342,12,19,,
T,2021-10-09 07:03:15,47.67564160,17.64802008,11,106.735,44.190,1.520,327,12,19,,
T,2021-10-09 07:03:16,47.67565483,17.64799467,11,106.442,44.190,1.460,322,12,19,,
T,2021-10-09 07:03:17,47.67566579,17.64796381,10,106.873,44.190,1.570,311,12,19,,
T,2021-10-09 07:03:18,47.67567766,17.64792981,9,106.977,44.190,1.730,318,12,19,,
T,2021-10-09 07:03:19,47.67568746,17.64790680,9,107.030,44.190,1.530,320,12,19,,
T,2021-10-09 07:03:20,47.67569683,17.64788088,9,107.519,44.190,1.560,322,13,19,,
T,2021-10-09 07:03:21,47.67570468,17.64784613,9,108.784,44.190,1.570,311,13,17,,
T,2021-10-09 07:03:22,47.67570800,17.64781331,8,109.834,44.190,1.230,299,13,17,,
T,2021-10-09 07:03:23,47.67571115,17.64778313,7,109.768,44.190,1.460,308,13,17,,
T,2021-10-09 07:03:24,47.67571348,17.64775862,7,110.718,44.190,1.490,305,13,17,,
T,2021-10-09 07:03:25,47.67571400,17.64773654,7,111.437,44.190,1.640,302,13,17,,
T,2021-10-09 07:03:26,47.67571990,17.64770917,7,111.582,44.190,1.660,305,13,18,,
T,2021-10-09 07:03:27,47.67572417,17.64768898,7,111.803,44.190,1.480,309,13,18,,
T,2021-10-09 07:03:28,47.67572626,17.64766496,6,112.333,44.190,1.500,286,12,18,,
T,2021-10-09 07:03:29,47.67573192,17.64764760,6,113.152,44.190,1.450,317,12,18,,
T,2021-10-09 07:03:30,47.67573616,17.64763713,6,113.196,44.190,0.420,317,12,18,,
T,2021-10-09 07:03:31,47.67574184,17.64761798,6,112.511,44.190,1.500,298,12,19,,
T,2021-10-09 07:03:32,47.67575073,17.64759533,5,112.768,44.190,1.220,308,12,19,,
T,2021-10-09 07:03:33,47.67575610,17.64756815,5,112.521,44.190,1.250,290,11,19,,
T,2021-10-09 07:03:34,47.67576050,17.64754093,5,112.520,44.190,1.460,295,11,18,,
T,2021-10-09 07:03:35,47.67576606,17.64751384,5,113.235,44.190,1.410,302,12,18,,
T,2021-10-09 07:03:36,47.67576801,17.64748755,6,113.369,44.190,1.530,285,12,18,,
T,2021-10-09 07:03:37,47.67576468,17.64745709,5,113.972,44.190,1.610,265,12,17,,
T,2021-10-09 07:03:38,47.67576099,17.64743144,6,113.636,44.190,1.070,272,12,18,,
T,2021-10-09 07:03:39,47.67576231,17.64740838,6,113.508,44.190,1.510,300,12,18,,
T,2021-10-09 07:03:40,47.67576316,17.64738074,6,113.505,44.190,1.540,288,12,18,,
T,2021-10-09 07:03:41,47.67576477,17.64735891,6,113.315,44.190,1.510,306,12,17,,
T,2021-10-09 07:03:42,47.67577048,17.64734116,6,113.685,44.190,1.500,328,12,17,,
T,2021-10-09 07:03:43,47.67577536,17.64732229,5,113.929,44.190,1.510,320,13,16,,
T,2021-10-09 07:03:44,47.67577772,17.64729800,5,114.177,44.190,1.240,303,13,16,,
T,2021-10-09 07:03:45,47.67577578,17.64727030,5,113.815,44.190,1.250,281,13,16,,
T,2021-10-09 07:03:46,47.67577290,17.64724047,5,113.838,44.190,1.550,276,13,16,,
T,2021-10-09 07:03:47,47.67577026,17.64721160,5,113.771,44.190,1.430,276,13,16,,
T,2021-10-09 07:03:48,47.67577078,17.64718725,5,113.269,44.190,1.480,288,12,17,,
T,2021-10-09 07:03:49,47.67577434,17.64716307,6,113.527,44.190,1.250,303,12,18,,
T,2021-10-09 07:03:50,47.67577635,17.64713611,6,113.676,44.190,1.520,291,13,16,,
T,2021-10-09 07:03:51,47.67577418,17.64710971,6,114.117,44.190,1.200,275,13,17,,
T,2021-10-09 07:03:52,47.67576957,17.64708156,6,114.523,44.190,1.140,274,13,17,,
T,2021-10-09 07:03:53,47.67576412,17.64705229,6,114.987,44.190,1.480,268,13,17,,
T,2021-10-09 07:03:54,47.67575898,17.64702026,5,115.646,44.190,1.560,274,13,17,,
T,2021-10-09 07:03:55,47.67576071,17.64699003,5,115.865,44.190,1.540,292,13,17,,
T,2021-10-09 07:03:56,47.67576440,17.64696129,6,116.477,44.190,1.480,297,13,18,,
T,2021-10-09 07:03:57,47.67576333,17.64693487,5,116.864,44.190,1.470,280,14,19,,
T,2021-10-09 07:03:58,47.67575737,17.64691481,5,116.712,44.190,1.530,254,14,20,,
T,2021-10-09 07:03:59,47.67574780,17.64690412,5,116.947,44.190,1.630,204,15,20,,
